{
 "cells": [
  {
   "cell_type": "code",
   "execution_count": 42,
   "id": "6e4fdcd3-2591-42fd-b8b8-e76d10f69e4a",
   "metadata": {},
   "outputs": [],
   "source": [
    "import pandas as pd \n",
    "import numpy as np\n",
    "import matplotlib.pyplot as plt\n",
    "import seaborn as sns\n",
    "import warnings\n",
    "warnings.filterwarnings(\"ignore\") "
   ]
  },
  {
   "cell_type": "code",
   "execution_count": 43,
   "id": "8767fdfe-2805-48ea-9661-b35793d024a9",
   "metadata": {},
   "outputs": [],
   "source": [
    "df=pd.read_csv(r\"C:\\Data Science Learning\\Projects\\aqi-regression-analysis\\dataset\\city_day.csv\")"
   ]
  },
  {
   "cell_type": "code",
   "execution_count": 44,
   "id": "cbc9dc00-8c71-4a68-88d7-b782bfe17323",
   "metadata": {},
   "outputs": [
    {
     "data": {
      "text/html": [
       "<div>\n",
       "<style scoped>\n",
       "    .dataframe tbody tr th:only-of-type {\n",
       "        vertical-align: middle;\n",
       "    }\n",
       "\n",
       "    .dataframe tbody tr th {\n",
       "        vertical-align: top;\n",
       "    }\n",
       "\n",
       "    .dataframe thead th {\n",
       "        text-align: right;\n",
       "    }\n",
       "</style>\n",
       "<table border=\"1\" class=\"dataframe\">\n",
       "  <thead>\n",
       "    <tr style=\"text-align: right;\">\n",
       "      <th></th>\n",
       "      <th>City</th>\n",
       "      <th>Datetime</th>\n",
       "      <th>PM2.5</th>\n",
       "      <th>PM10</th>\n",
       "      <th>NO</th>\n",
       "      <th>NO2</th>\n",
       "      <th>NOx</th>\n",
       "      <th>NH3</th>\n",
       "      <th>CO</th>\n",
       "      <th>SO2</th>\n",
       "      <th>O3</th>\n",
       "      <th>Benzene</th>\n",
       "      <th>Toluene</th>\n",
       "      <th>Xylene</th>\n",
       "      <th>AQI</th>\n",
       "      <th>AQI_Bucket</th>\n",
       "    </tr>\n",
       "  </thead>\n",
       "  <tbody>\n",
       "    <tr>\n",
       "      <th>0</th>\n",
       "      <td>Delhi</td>\n",
       "      <td>1/1/2015</td>\n",
       "      <td>153.3</td>\n",
       "      <td>241.7</td>\n",
       "      <td>182.9</td>\n",
       "      <td>33.0</td>\n",
       "      <td>81.3</td>\n",
       "      <td>38.5</td>\n",
       "      <td>1.87</td>\n",
       "      <td>64.5</td>\n",
       "      <td>83.6</td>\n",
       "      <td>18.93</td>\n",
       "      <td>20.81</td>\n",
       "      <td>8.32</td>\n",
       "      <td>204.5</td>\n",
       "      <td>Severe</td>\n",
       "    </tr>\n",
       "    <tr>\n",
       "      <th>1</th>\n",
       "      <td>Mumbai</td>\n",
       "      <td>1/1/2015</td>\n",
       "      <td>70.5</td>\n",
       "      <td>312.7</td>\n",
       "      <td>195.0</td>\n",
       "      <td>42.0</td>\n",
       "      <td>122.5</td>\n",
       "      <td>31.5</td>\n",
       "      <td>7.22</td>\n",
       "      <td>83.8</td>\n",
       "      <td>108.0</td>\n",
       "      <td>2.01</td>\n",
       "      <td>19.41</td>\n",
       "      <td>2.86</td>\n",
       "      <td>60.9</td>\n",
       "      <td>Satisfactory</td>\n",
       "    </tr>\n",
       "    <tr>\n",
       "      <th>2</th>\n",
       "      <td>Chennai</td>\n",
       "      <td>1/1/2015</td>\n",
       "      <td>174.1</td>\n",
       "      <td>275.4</td>\n",
       "      <td>56.2</td>\n",
       "      <td>68.8</td>\n",
       "      <td>230.9</td>\n",
       "      <td>28.5</td>\n",
       "      <td>8.56</td>\n",
       "      <td>60.8</td>\n",
       "      <td>43.9</td>\n",
       "      <td>19.07</td>\n",
       "      <td>10.19</td>\n",
       "      <td>9.63</td>\n",
       "      <td>486.5</td>\n",
       "      <td>Severe</td>\n",
       "    </tr>\n",
       "    <tr>\n",
       "      <th>3</th>\n",
       "      <td>Kolkata</td>\n",
       "      <td>1/1/2015</td>\n",
       "      <td>477.2</td>\n",
       "      <td>543.9</td>\n",
       "      <td>14.1</td>\n",
       "      <td>76.4</td>\n",
       "      <td>225.9</td>\n",
       "      <td>45.6</td>\n",
       "      <td>2.41</td>\n",
       "      <td>42.1</td>\n",
       "      <td>171.1</td>\n",
       "      <td>9.31</td>\n",
       "      <td>11.65</td>\n",
       "      <td>9.39</td>\n",
       "      <td>174.4</td>\n",
       "      <td>Very Poor</td>\n",
       "    </tr>\n",
       "    <tr>\n",
       "      <th>4</th>\n",
       "      <td>Bangalore</td>\n",
       "      <td>1/1/2015</td>\n",
       "      <td>171.6</td>\n",
       "      <td>117.7</td>\n",
       "      <td>123.3</td>\n",
       "      <td>12.4</td>\n",
       "      <td>61.9</td>\n",
       "      <td>49.7</td>\n",
       "      <td>1.26</td>\n",
       "      <td>79.7</td>\n",
       "      <td>164.3</td>\n",
       "      <td>6.04</td>\n",
       "      <td>12.74</td>\n",
       "      <td>9.59</td>\n",
       "      <td>489.7</td>\n",
       "      <td>Good</td>\n",
       "    </tr>\n",
       "  </tbody>\n",
       "</table>\n",
       "</div>"
      ],
      "text/plain": [
       "        City  Datetime  PM2.5   PM10     NO   NO2    NOx   NH3    CO   SO2  \\\n",
       "0      Delhi  1/1/2015  153.3  241.7  182.9  33.0   81.3  38.5  1.87  64.5   \n",
       "1     Mumbai  1/1/2015   70.5  312.7  195.0  42.0  122.5  31.5  7.22  83.8   \n",
       "2    Chennai  1/1/2015  174.1  275.4   56.2  68.8  230.9  28.5  8.56  60.8   \n",
       "3    Kolkata  1/1/2015  477.2  543.9   14.1  76.4  225.9  45.6  2.41  42.1   \n",
       "4  Bangalore  1/1/2015  171.6  117.7  123.3  12.4   61.9  49.7  1.26  79.7   \n",
       "\n",
       "      O3  Benzene  Toluene  Xylene    AQI    AQI_Bucket  \n",
       "0   83.6    18.93    20.81    8.32  204.5        Severe  \n",
       "1  108.0     2.01    19.41    2.86   60.9  Satisfactory  \n",
       "2   43.9    19.07    10.19    9.63  486.5        Severe  \n",
       "3  171.1     9.31    11.65    9.39  174.4     Very Poor  \n",
       "4  164.3     6.04    12.74    9.59  489.7          Good  "
      ]
     },
     "execution_count": 44,
     "metadata": {},
     "output_type": "execute_result"
    }
   ],
   "source": [
    "df.head()"
   ]
  },
  {
   "cell_type": "code",
   "execution_count": 45,
   "id": "e1248ed7-15f4-4a17-86b8-f7671d44a12d",
   "metadata": {},
   "outputs": [
    {
     "data": {
      "text/plain": [
       "City          0\n",
       "Datetime      0\n",
       "PM2.5         0\n",
       "PM10          0\n",
       "NO            0\n",
       "NO2           0\n",
       "NOx           0\n",
       "NH3           0\n",
       "CO            0\n",
       "SO2           0\n",
       "O3            0\n",
       "Benzene       0\n",
       "Toluene       0\n",
       "Xylene        0\n",
       "AQI           0\n",
       "AQI_Bucket    0\n",
       "dtype: int64"
      ]
     },
     "execution_count": 45,
     "metadata": {},
     "output_type": "execute_result"
    }
   ],
   "source": [
    "df.isnull().sum()"
   ]
  },
  {
   "cell_type": "code",
   "execution_count": 46,
   "id": "c0c9b624-dca6-4f45-b1c0-34d0cf1087b5",
   "metadata": {},
   "outputs": [
    {
     "data": {
      "text/plain": [
       "5"
      ]
     },
     "execution_count": 46,
     "metadata": {},
     "output_type": "execute_result"
    }
   ],
   "source": [
    "df[\"City\"].nunique()"
   ]
  },
  {
   "cell_type": "code",
   "execution_count": 47,
   "id": "0e96843f-51d8-4784-a135-4a347206f6ec",
   "metadata": {},
   "outputs": [
    {
     "data": {
      "text/plain": [
       "array(['Delhi', 'Mumbai', 'Chennai', 'Kolkata', 'Bangalore'], dtype=object)"
      ]
     },
     "execution_count": 47,
     "metadata": {},
     "output_type": "execute_result"
    }
   ],
   "source": [
    "df[\"City\"].unique()"
   ]
  },
  {
   "cell_type": "code",
   "execution_count": 48,
   "id": "16bf3d9c-2a02-4173-979f-ed38a8aeabeb",
   "metadata": {},
   "outputs": [
    {
     "data": {
      "text/plain": [
       "(18265, 16)"
      ]
     },
     "execution_count": 48,
     "metadata": {},
     "output_type": "execute_result"
    }
   ],
   "source": [
    "df.shape"
   ]
  },
  {
   "cell_type": "code",
   "execution_count": 51,
   "id": "f98c2173-8c6f-484c-8fca-d4c23420e39d",
   "metadata": {},
   "outputs": [
    {
     "name": "stdout",
     "output_type": "stream",
     "text": [
      "<class 'pandas.core.frame.DataFrame'>\n",
      "RangeIndex: 18265 entries, 0 to 18264\n",
      "Data columns (total 16 columns):\n",
      " #   Column      Non-Null Count  Dtype  \n",
      "---  ------      --------------  -----  \n",
      " 0   City        18265 non-null  object \n",
      " 1   Datetime    18265 non-null  object \n",
      " 2   PM2.5       18265 non-null  float64\n",
      " 3   PM10        18265 non-null  float64\n",
      " 4   NO          18265 non-null  float64\n",
      " 5   NO2         18265 non-null  float64\n",
      " 6   NOx         18265 non-null  float64\n",
      " 7   NH3         18265 non-null  float64\n",
      " 8   CO          18265 non-null  float64\n",
      " 9   SO2         18265 non-null  float64\n",
      " 10  O3          18265 non-null  float64\n",
      " 11  Benzene     18265 non-null  float64\n",
      " 12  Toluene     18265 non-null  float64\n",
      " 13  Xylene      18265 non-null  float64\n",
      " 14  AQI         18265 non-null  float64\n",
      " 15  AQI_Bucket  18265 non-null  object \n",
      "dtypes: float64(13), object(3)\n",
      "memory usage: 2.2+ MB\n"
     ]
    }
   ],
   "source": [
    "df.info()"
   ]
  },
  {
   "cell_type": "code",
   "execution_count": 55,
   "id": "b05dc389-54a3-4424-8930-d2d60d53f171",
   "metadata": {},
   "outputs": [
    {
     "data": {
      "text/html": [
       "<div>\n",
       "<style scoped>\n",
       "    .dataframe tbody tr th:only-of-type {\n",
       "        vertical-align: middle;\n",
       "    }\n",
       "\n",
       "    .dataframe tbody tr th {\n",
       "        vertical-align: top;\n",
       "    }\n",
       "\n",
       "    .dataframe thead th {\n",
       "        text-align: right;\n",
       "    }\n",
       "</style>\n",
       "<table border=\"1\" class=\"dataframe\">\n",
       "  <thead>\n",
       "    <tr style=\"text-align: right;\">\n",
       "      <th></th>\n",
       "      <th>PM2.5</th>\n",
       "      <th>PM10</th>\n",
       "      <th>NO</th>\n",
       "      <th>NO2</th>\n",
       "      <th>NOx</th>\n",
       "      <th>NH3</th>\n",
       "      <th>CO</th>\n",
       "      <th>SO2</th>\n",
       "      <th>O3</th>\n",
       "      <th>Benzene</th>\n",
       "      <th>Toluene</th>\n",
       "      <th>Xylene</th>\n",
       "      <th>AQI</th>\n",
       "    </tr>\n",
       "  </thead>\n",
       "  <tbody>\n",
       "    <tr>\n",
       "      <th>count</th>\n",
       "      <td>18265.000000</td>\n",
       "      <td>18265.000000</td>\n",
       "      <td>18265.000000</td>\n",
       "      <td>18265.000000</td>\n",
       "      <td>18265.000000</td>\n",
       "      <td>18265.000000</td>\n",
       "      <td>18265.000000</td>\n",
       "      <td>18265.000000</td>\n",
       "      <td>18265.000000</td>\n",
       "      <td>18265.000000</td>\n",
       "      <td>18265.000000</td>\n",
       "      <td>18265.000000</td>\n",
       "      <td>18265.000000</td>\n",
       "    </tr>\n",
       "    <tr>\n",
       "      <th>mean</th>\n",
       "      <td>250.597695</td>\n",
       "      <td>299.442491</td>\n",
       "      <td>100.481035</td>\n",
       "      <td>75.415916</td>\n",
       "      <td>125.964079</td>\n",
       "      <td>25.065042</td>\n",
       "      <td>5.002451</td>\n",
       "      <td>49.835839</td>\n",
       "      <td>100.406740</td>\n",
       "      <td>10.070033</td>\n",
       "      <td>15.063365</td>\n",
       "      <td>4.996341</td>\n",
       "      <td>251.111382</td>\n",
       "    </tr>\n",
       "    <tr>\n",
       "      <th>std</th>\n",
       "      <td>144.460292</td>\n",
       "      <td>173.479906</td>\n",
       "      <td>57.774795</td>\n",
       "      <td>43.460066</td>\n",
       "      <td>72.403893</td>\n",
       "      <td>14.452019</td>\n",
       "      <td>2.889439</td>\n",
       "      <td>28.988739</td>\n",
       "      <td>57.591436</td>\n",
       "      <td>5.785282</td>\n",
       "      <td>8.619433</td>\n",
       "      <td>2.899152</td>\n",
       "      <td>144.502626</td>\n",
       "    </tr>\n",
       "    <tr>\n",
       "      <th>min</th>\n",
       "      <td>0.000000</td>\n",
       "      <td>0.000000</td>\n",
       "      <td>0.000000</td>\n",
       "      <td>0.000000</td>\n",
       "      <td>0.000000</td>\n",
       "      <td>0.000000</td>\n",
       "      <td>0.000000</td>\n",
       "      <td>0.000000</td>\n",
       "      <td>0.000000</td>\n",
       "      <td>0.000000</td>\n",
       "      <td>0.000000</td>\n",
       "      <td>0.000000</td>\n",
       "      <td>0.000000</td>\n",
       "    </tr>\n",
       "    <tr>\n",
       "      <th>25%</th>\n",
       "      <td>125.700000</td>\n",
       "      <td>150.100000</td>\n",
       "      <td>50.600000</td>\n",
       "      <td>37.700000</td>\n",
       "      <td>63.100000</td>\n",
       "      <td>12.600000</td>\n",
       "      <td>2.490000</td>\n",
       "      <td>24.400000</td>\n",
       "      <td>50.600000</td>\n",
       "      <td>5.080000</td>\n",
       "      <td>7.640000</td>\n",
       "      <td>2.510000</td>\n",
       "      <td>125.400000</td>\n",
       "    </tr>\n",
       "    <tr>\n",
       "      <th>50%</th>\n",
       "      <td>251.000000</td>\n",
       "      <td>300.300000</td>\n",
       "      <td>100.200000</td>\n",
       "      <td>76.000000</td>\n",
       "      <td>126.200000</td>\n",
       "      <td>25.300000</td>\n",
       "      <td>5.000000</td>\n",
       "      <td>49.900000</td>\n",
       "      <td>100.700000</td>\n",
       "      <td>10.080000</td>\n",
       "      <td>15.130000</td>\n",
       "      <td>4.960000</td>\n",
       "      <td>251.200000</td>\n",
       "    </tr>\n",
       "    <tr>\n",
       "      <th>75%</th>\n",
       "      <td>376.200000</td>\n",
       "      <td>450.000000</td>\n",
       "      <td>151.000000</td>\n",
       "      <td>113.200000</td>\n",
       "      <td>188.900000</td>\n",
       "      <td>37.600000</td>\n",
       "      <td>7.510000</td>\n",
       "      <td>75.100000</td>\n",
       "      <td>150.400000</td>\n",
       "      <td>15.110000</td>\n",
       "      <td>22.500000</td>\n",
       "      <td>7.530000</td>\n",
       "      <td>376.400000</td>\n",
       "    </tr>\n",
       "    <tr>\n",
       "      <th>max</th>\n",
       "      <td>499.900000</td>\n",
       "      <td>600.000000</td>\n",
       "      <td>200.000000</td>\n",
       "      <td>150.000000</td>\n",
       "      <td>250.000000</td>\n",
       "      <td>50.000000</td>\n",
       "      <td>10.000000</td>\n",
       "      <td>100.000000</td>\n",
       "      <td>200.000000</td>\n",
       "      <td>20.000000</td>\n",
       "      <td>30.000000</td>\n",
       "      <td>10.000000</td>\n",
       "      <td>500.000000</td>\n",
       "    </tr>\n",
       "  </tbody>\n",
       "</table>\n",
       "</div>"
      ],
      "text/plain": [
       "              PM2.5          PM10            NO           NO2           NOx  \\\n",
       "count  18265.000000  18265.000000  18265.000000  18265.000000  18265.000000   \n",
       "mean     250.597695    299.442491    100.481035     75.415916    125.964079   \n",
       "std      144.460292    173.479906     57.774795     43.460066     72.403893   \n",
       "min        0.000000      0.000000      0.000000      0.000000      0.000000   \n",
       "25%      125.700000    150.100000     50.600000     37.700000     63.100000   \n",
       "50%      251.000000    300.300000    100.200000     76.000000    126.200000   \n",
       "75%      376.200000    450.000000    151.000000    113.200000    188.900000   \n",
       "max      499.900000    600.000000    200.000000    150.000000    250.000000   \n",
       "\n",
       "                NH3            CO           SO2            O3       Benzene  \\\n",
       "count  18265.000000  18265.000000  18265.000000  18265.000000  18265.000000   \n",
       "mean      25.065042      5.002451     49.835839    100.406740     10.070033   \n",
       "std       14.452019      2.889439     28.988739     57.591436      5.785282   \n",
       "min        0.000000      0.000000      0.000000      0.000000      0.000000   \n",
       "25%       12.600000      2.490000     24.400000     50.600000      5.080000   \n",
       "50%       25.300000      5.000000     49.900000    100.700000     10.080000   \n",
       "75%       37.600000      7.510000     75.100000    150.400000     15.110000   \n",
       "max       50.000000     10.000000    100.000000    200.000000     20.000000   \n",
       "\n",
       "            Toluene        Xylene           AQI  \n",
       "count  18265.000000  18265.000000  18265.000000  \n",
       "mean      15.063365      4.996341    251.111382  \n",
       "std        8.619433      2.899152    144.502626  \n",
       "min        0.000000      0.000000      0.000000  \n",
       "25%        7.640000      2.510000    125.400000  \n",
       "50%       15.130000      4.960000    251.200000  \n",
       "75%       22.500000      7.530000    376.400000  \n",
       "max       30.000000     10.000000    500.000000  "
      ]
     },
     "execution_count": 55,
     "metadata": {},
     "output_type": "execute_result"
    }
   ],
   "source": [
    "df.describe()"
   ]
  },
  {
   "cell_type": "code",
   "execution_count": 57,
   "id": "72508d33-7844-40ed-8889-4cc325e07cf0",
   "metadata": {},
   "outputs": [
    {
     "data": {
      "text/plain": [
       "City\n",
       "Bangalore    249.767397\n",
       "Chennai      250.338763\n",
       "Kolkata      250.635396\n",
       "Delhi        251.496304\n",
       "Mumbai       253.319053\n",
       "Name: AQI, dtype: float64"
      ]
     },
     "execution_count": 57,
     "metadata": {},
     "output_type": "execute_result"
    }
   ],
   "source": [
    "df.groupby(\"City\")[\"AQI\"].mean().sort_values()"
   ]
  },
  {
   "cell_type": "code",
   "execution_count": 61,
   "id": "b97d71ec-708f-47f5-904e-9bb0fa5cbde9",
   "metadata": {},
   "outputs": [],
   "source": [
    "import seaborn as sns"
   ]
  },
  {
   "cell_type": "code",
   "execution_count": 81,
   "id": "c89e5656-05f5-4a5e-b540-0a67ca393a99",
   "metadata": {},
   "outputs": [
    {
     "data": {
      "text/html": [
       "<div>\n",
       "<style scoped>\n",
       "    .dataframe tbody tr th:only-of-type {\n",
       "        vertical-align: middle;\n",
       "    }\n",
       "\n",
       "    .dataframe tbody tr th {\n",
       "        vertical-align: top;\n",
       "    }\n",
       "\n",
       "    .dataframe thead th {\n",
       "        text-align: right;\n",
       "    }\n",
       "</style>\n",
       "<table border=\"1\" class=\"dataframe\">\n",
       "  <thead>\n",
       "    <tr style=\"text-align: right;\">\n",
       "      <th></th>\n",
       "      <th>PM2.5</th>\n",
       "      <th>PM10</th>\n",
       "      <th>NO</th>\n",
       "      <th>NO2</th>\n",
       "      <th>NOx</th>\n",
       "      <th>NH3</th>\n",
       "      <th>CO</th>\n",
       "      <th>SO2</th>\n",
       "      <th>O3</th>\n",
       "      <th>Benzene</th>\n",
       "      <th>Toluene</th>\n",
       "      <th>Xylene</th>\n",
       "      <th>AQI</th>\n",
       "    </tr>\n",
       "  </thead>\n",
       "  <tbody>\n",
       "    <tr>\n",
       "      <th>PM2.5</th>\n",
       "      <td>1.000000</td>\n",
       "      <td>-0.024813</td>\n",
       "      <td>-0.003121</td>\n",
       "      <td>0.006602</td>\n",
       "      <td>0.002993</td>\n",
       "      <td>0.005980</td>\n",
       "      <td>0.009632</td>\n",
       "      <td>0.009056</td>\n",
       "      <td>0.008475</td>\n",
       "      <td>-0.005903</td>\n",
       "      <td>-0.001193</td>\n",
       "      <td>-0.000789</td>\n",
       "      <td>0.000655</td>\n",
       "    </tr>\n",
       "    <tr>\n",
       "      <th>PM10</th>\n",
       "      <td>-0.024813</td>\n",
       "      <td>1.000000</td>\n",
       "      <td>0.002387</td>\n",
       "      <td>0.003604</td>\n",
       "      <td>-0.004637</td>\n",
       "      <td>0.000810</td>\n",
       "      <td>-0.007387</td>\n",
       "      <td>0.011537</td>\n",
       "      <td>-0.005494</td>\n",
       "      <td>0.010281</td>\n",
       "      <td>-0.000298</td>\n",
       "      <td>0.003054</td>\n",
       "      <td>0.001245</td>\n",
       "    </tr>\n",
       "    <tr>\n",
       "      <th>NO</th>\n",
       "      <td>-0.003121</td>\n",
       "      <td>0.002387</td>\n",
       "      <td>1.000000</td>\n",
       "      <td>-0.003365</td>\n",
       "      <td>0.001329</td>\n",
       "      <td>0.001598</td>\n",
       "      <td>-0.006056</td>\n",
       "      <td>-0.001321</td>\n",
       "      <td>-0.013673</td>\n",
       "      <td>0.004133</td>\n",
       "      <td>-0.008743</td>\n",
       "      <td>0.012211</td>\n",
       "      <td>0.001923</td>\n",
       "    </tr>\n",
       "    <tr>\n",
       "      <th>NO2</th>\n",
       "      <td>0.006602</td>\n",
       "      <td>0.003604</td>\n",
       "      <td>-0.003365</td>\n",
       "      <td>1.000000</td>\n",
       "      <td>0.001451</td>\n",
       "      <td>-0.006045</td>\n",
       "      <td>0.009833</td>\n",
       "      <td>-0.011502</td>\n",
       "      <td>0.003424</td>\n",
       "      <td>-0.000592</td>\n",
       "      <td>-0.000614</td>\n",
       "      <td>0.001536</td>\n",
       "      <td>0.011124</td>\n",
       "    </tr>\n",
       "    <tr>\n",
       "      <th>NOx</th>\n",
       "      <td>0.002993</td>\n",
       "      <td>-0.004637</td>\n",
       "      <td>0.001329</td>\n",
       "      <td>0.001451</td>\n",
       "      <td>1.000000</td>\n",
       "      <td>-0.003423</td>\n",
       "      <td>-0.000832</td>\n",
       "      <td>-0.017316</td>\n",
       "      <td>0.005907</td>\n",
       "      <td>-0.009426</td>\n",
       "      <td>-0.004565</td>\n",
       "      <td>-0.006419</td>\n",
       "      <td>-0.002662</td>\n",
       "    </tr>\n",
       "    <tr>\n",
       "      <th>NH3</th>\n",
       "      <td>0.005980</td>\n",
       "      <td>0.000810</td>\n",
       "      <td>0.001598</td>\n",
       "      <td>-0.006045</td>\n",
       "      <td>-0.003423</td>\n",
       "      <td>1.000000</td>\n",
       "      <td>-0.003939</td>\n",
       "      <td>0.001580</td>\n",
       "      <td>-0.002883</td>\n",
       "      <td>-0.007184</td>\n",
       "      <td>0.009687</td>\n",
       "      <td>0.001106</td>\n",
       "      <td>0.008079</td>\n",
       "    </tr>\n",
       "    <tr>\n",
       "      <th>CO</th>\n",
       "      <td>0.009632</td>\n",
       "      <td>-0.007387</td>\n",
       "      <td>-0.006056</td>\n",
       "      <td>0.009833</td>\n",
       "      <td>-0.000832</td>\n",
       "      <td>-0.003939</td>\n",
       "      <td>1.000000</td>\n",
       "      <td>-0.004426</td>\n",
       "      <td>-0.001052</td>\n",
       "      <td>0.005302</td>\n",
       "      <td>-0.004776</td>\n",
       "      <td>0.011416</td>\n",
       "      <td>0.006046</td>\n",
       "    </tr>\n",
       "    <tr>\n",
       "      <th>SO2</th>\n",
       "      <td>0.009056</td>\n",
       "      <td>0.011537</td>\n",
       "      <td>-0.001321</td>\n",
       "      <td>-0.011502</td>\n",
       "      <td>-0.017316</td>\n",
       "      <td>0.001580</td>\n",
       "      <td>-0.004426</td>\n",
       "      <td>1.000000</td>\n",
       "      <td>0.000546</td>\n",
       "      <td>-0.006330</td>\n",
       "      <td>0.001071</td>\n",
       "      <td>0.003771</td>\n",
       "      <td>0.002949</td>\n",
       "    </tr>\n",
       "    <tr>\n",
       "      <th>O3</th>\n",
       "      <td>0.008475</td>\n",
       "      <td>-0.005494</td>\n",
       "      <td>-0.013673</td>\n",
       "      <td>0.003424</td>\n",
       "      <td>0.005907</td>\n",
       "      <td>-0.002883</td>\n",
       "      <td>-0.001052</td>\n",
       "      <td>0.000546</td>\n",
       "      <td>1.000000</td>\n",
       "      <td>-0.006981</td>\n",
       "      <td>0.002540</td>\n",
       "      <td>-0.000982</td>\n",
       "      <td>0.000591</td>\n",
       "    </tr>\n",
       "    <tr>\n",
       "      <th>Benzene</th>\n",
       "      <td>-0.005903</td>\n",
       "      <td>0.010281</td>\n",
       "      <td>0.004133</td>\n",
       "      <td>-0.000592</td>\n",
       "      <td>-0.009426</td>\n",
       "      <td>-0.007184</td>\n",
       "      <td>0.005302</td>\n",
       "      <td>-0.006330</td>\n",
       "      <td>-0.006981</td>\n",
       "      <td>1.000000</td>\n",
       "      <td>-0.004351</td>\n",
       "      <td>-0.011459</td>\n",
       "      <td>-0.001251</td>\n",
       "    </tr>\n",
       "    <tr>\n",
       "      <th>Toluene</th>\n",
       "      <td>-0.001193</td>\n",
       "      <td>-0.000298</td>\n",
       "      <td>-0.008743</td>\n",
       "      <td>-0.000614</td>\n",
       "      <td>-0.004565</td>\n",
       "      <td>0.009687</td>\n",
       "      <td>-0.004776</td>\n",
       "      <td>0.001071</td>\n",
       "      <td>0.002540</td>\n",
       "      <td>-0.004351</td>\n",
       "      <td>1.000000</td>\n",
       "      <td>0.003848</td>\n",
       "      <td>0.009428</td>\n",
       "    </tr>\n",
       "    <tr>\n",
       "      <th>Xylene</th>\n",
       "      <td>-0.000789</td>\n",
       "      <td>0.003054</td>\n",
       "      <td>0.012211</td>\n",
       "      <td>0.001536</td>\n",
       "      <td>-0.006419</td>\n",
       "      <td>0.001106</td>\n",
       "      <td>0.011416</td>\n",
       "      <td>0.003771</td>\n",
       "      <td>-0.000982</td>\n",
       "      <td>-0.011459</td>\n",
       "      <td>0.003848</td>\n",
       "      <td>1.000000</td>\n",
       "      <td>0.010412</td>\n",
       "    </tr>\n",
       "    <tr>\n",
       "      <th>AQI</th>\n",
       "      <td>0.000655</td>\n",
       "      <td>0.001245</td>\n",
       "      <td>0.001923</td>\n",
       "      <td>0.011124</td>\n",
       "      <td>-0.002662</td>\n",
       "      <td>0.008079</td>\n",
       "      <td>0.006046</td>\n",
       "      <td>0.002949</td>\n",
       "      <td>0.000591</td>\n",
       "      <td>-0.001251</td>\n",
       "      <td>0.009428</td>\n",
       "      <td>0.010412</td>\n",
       "      <td>1.000000</td>\n",
       "    </tr>\n",
       "  </tbody>\n",
       "</table>\n",
       "</div>"
      ],
      "text/plain": [
       "            PM2.5      PM10        NO       NO2       NOx       NH3        CO  \\\n",
       "PM2.5    1.000000 -0.024813 -0.003121  0.006602  0.002993  0.005980  0.009632   \n",
       "PM10    -0.024813  1.000000  0.002387  0.003604 -0.004637  0.000810 -0.007387   \n",
       "NO      -0.003121  0.002387  1.000000 -0.003365  0.001329  0.001598 -0.006056   \n",
       "NO2      0.006602  0.003604 -0.003365  1.000000  0.001451 -0.006045  0.009833   \n",
       "NOx      0.002993 -0.004637  0.001329  0.001451  1.000000 -0.003423 -0.000832   \n",
       "NH3      0.005980  0.000810  0.001598 -0.006045 -0.003423  1.000000 -0.003939   \n",
       "CO       0.009632 -0.007387 -0.006056  0.009833 -0.000832 -0.003939  1.000000   \n",
       "SO2      0.009056  0.011537 -0.001321 -0.011502 -0.017316  0.001580 -0.004426   \n",
       "O3       0.008475 -0.005494 -0.013673  0.003424  0.005907 -0.002883 -0.001052   \n",
       "Benzene -0.005903  0.010281  0.004133 -0.000592 -0.009426 -0.007184  0.005302   \n",
       "Toluene -0.001193 -0.000298 -0.008743 -0.000614 -0.004565  0.009687 -0.004776   \n",
       "Xylene  -0.000789  0.003054  0.012211  0.001536 -0.006419  0.001106  0.011416   \n",
       "AQI      0.000655  0.001245  0.001923  0.011124 -0.002662  0.008079  0.006046   \n",
       "\n",
       "              SO2        O3   Benzene   Toluene    Xylene       AQI  \n",
       "PM2.5    0.009056  0.008475 -0.005903 -0.001193 -0.000789  0.000655  \n",
       "PM10     0.011537 -0.005494  0.010281 -0.000298  0.003054  0.001245  \n",
       "NO      -0.001321 -0.013673  0.004133 -0.008743  0.012211  0.001923  \n",
       "NO2     -0.011502  0.003424 -0.000592 -0.000614  0.001536  0.011124  \n",
       "NOx     -0.017316  0.005907 -0.009426 -0.004565 -0.006419 -0.002662  \n",
       "NH3      0.001580 -0.002883 -0.007184  0.009687  0.001106  0.008079  \n",
       "CO      -0.004426 -0.001052  0.005302 -0.004776  0.011416  0.006046  \n",
       "SO2      1.000000  0.000546 -0.006330  0.001071  0.003771  0.002949  \n",
       "O3       0.000546  1.000000 -0.006981  0.002540 -0.000982  0.000591  \n",
       "Benzene -0.006330 -0.006981  1.000000 -0.004351 -0.011459 -0.001251  \n",
       "Toluene  0.001071  0.002540 -0.004351  1.000000  0.003848  0.009428  \n",
       "Xylene   0.003771 -0.000982 -0.011459  0.003848  1.000000  0.010412  \n",
       "AQI      0.002949  0.000591 -0.001251  0.009428  0.010412  1.000000  "
      ]
     },
     "execution_count": 81,
     "metadata": {},
     "output_type": "execute_result"
    }
   ],
   "source": [
    "df.corr(numeric_only=True)"
   ]
  },
  {
   "cell_type": "code",
   "execution_count": 101,
   "id": "31d2ad1b-b10f-4d44-8e36-41f689e30249",
   "metadata": {},
   "outputs": [
    {
     "data": {
      "text/plain": [
       "Index(['City', 'Datetime', 'PM2.5', 'PM10', 'NO', 'NO2', 'NOx', 'NH3', 'CO',\n",
       "       'SO2', 'O3', 'Benzene', 'Toluene', 'Xylene', 'AQI', 'AQI_Bucket'],\n",
       "      dtype='object')"
      ]
     },
     "execution_count": 101,
     "metadata": {},
     "output_type": "execute_result"
    }
   ],
   "source": [
    "df.columns"
   ]
  },
  {
   "cell_type": "code",
   "execution_count": 85,
   "id": "1104e33b-acf1-4200-adce-914f584c8a7f",
   "metadata": {},
   "outputs": [
    {
     "data": {
      "text/plain": [
       "AQI_Bucket\n",
       "Severe          3121\n",
       "Satisfactory    3098\n",
       "Good            3094\n",
       "Poor            3016\n",
       "Very Poor       2989\n",
       "Moderate        2947\n",
       "Name: count, dtype: int64"
      ]
     },
     "execution_count": 85,
     "metadata": {},
     "output_type": "execute_result"
    }
   ],
   "source": [
    "df['AQI_Bucket'].value_counts()"
   ]
  },
  {
   "cell_type": "code",
   "execution_count": 89,
   "id": "855888c5-a997-4943-ba94-97432cc232cd",
   "metadata": {},
   "outputs": [
    {
     "data": {
      "text/plain": [
       "City\n",
       "Bangalore    249.767397\n",
       "Chennai      250.338763\n",
       "Delhi        251.496304\n",
       "Kolkata      250.635396\n",
       "Mumbai       253.319053\n",
       "Name: AQI, dtype: float64"
      ]
     },
     "execution_count": 89,
     "metadata": {},
     "output_type": "execute_result"
    }
   ],
   "source": [
    "city_aqi=df.groupby(\"City\")[\"AQI\"].mean()\n",
    "city_aqi"
   ]
  },
  {
   "cell_type": "code",
   "execution_count": 97,
   "id": "5c97f4ab-5cd9-435a-bdd5-69e2433427f7",
   "metadata": {},
   "outputs": [
    {
     "data": {
